500 500 45181
339 362 -30.823534200791048
362 339 -30.823534200791048
329 335 -10.49850895171489
335 329 -10.49850895171489
175 310 -40.436268747431484
310 175 -40.436268747431484
333 306 -42.689064056115086
306 333 -42.689064056115086
417 7 24.151925221207307
7 417 24.151925221207307
489 276 49.609169523285615
276 489 49.609169523285615
147 47 -3.792129173190773
47 147 -3.792129173190773
267 17 9.987620388364284
17 267 9.987620388364284
475 487 -16.324138613720265
487 475 -16.324138613720265
301 263 41.90689982637056
263 301 41.90689982637056
257 314 0.43525825767066806
314 257 0.43525825767066806
486 173 -20.945376399793258
173 486 -20.945376399793258
114 131 32.94058261435747
131 114 32.94058261435747
389 380 -1.3550874410223415
380 389 -1.3550874410223415
198 390 30.780174282756604
390 198 30.780174282756604
431 223 28.78235882799811
223 431 28.78235882799811
170 405 -45.080179004797536
405 170 -45.080179004797536
228 289 17.58330683878556
289 228 17.58330683878556
381 206 -30.23754213710378
206 381 -30.23754213710378
368 467 40.647742834495375
467 368 40.647742834495375
143 203 19.317333999451066
203 143 19.317333999451066
346 464 5.820166778548028
464 346 5.820166778548028
59 229 -16.699953764956057
229 59 -16.699953764956057
235 193 36.237428070433864
193 235 36.237428070433864
457 348 -35.12981108248615
348 457 -35.12981108248615
167 96 -35.62856328904634
96 167 -35.62856328904634
10 21 -40.64377874538037
21 10 -40.64377874538037
75 278 14.651539602074635
278 75 14.651539602074635
383 257 -10.160939924620585
257 383 -10.160939924620585
314 347 -9.615282374889247
347 314 -9.615282374889247
175 487 48.91819062237914
487 175 48.91819062237914
499 406 -7.4197417902474285
406 499 -7.4197417902474285
482 208 29.539880826784767
208 482 29.539880826784767
39 131 -46.28946041876386
131 39 -46.28946041876386
164 455 -3.9610449256201505
455 164 -3.9610449256201505
146 447 -1.7237921523383903
447 146 -1.7237921523383903
494 435 41.42717964227907
435 494 41.42717964227907
197 306 -6.020001183969036
306 197 -6.020001183969036
188 293 -32.898433701659634
293 188 -32.898433701659634
226 125 36.770949050960255
125 226 36.770949050960255
230 397 37.41943393006105
397 230 37.41943393006105
25 62 45.12516245782231
62 25 45.12516245782231
223 151 13.33054671499351
151 223 13.33054671499351
173 60 18.250205982384585
60 173 18.250205982384585
291 127 49.86982207376991
127 291 49.86982207376991
43 67 -49.11381480283698
67 43 -49.11381480283698
73 28 3.5333611692037508
28 73 3.5333611692037508
261 82 -29.993895644805
82 261 -29.993895644805
388 373 -36.46274841674851
373 388 -36.46274841674851
139 248 -41.23463693527953
248 139 -41.23463693527953
489 383 -29.08878127145651
383 489 -29.08878127145651
407 494 11.533657365898534
494 407 11.533657365898534
117 109 36.53084932282607
109 117 36.53084932282607
326 422 -29.56248383199155
422 326 -29.56248383199155
414 406 30.79042833546015
406 414 30.79042833546015
360 105 3.5492132964515832
105 360 3.5492132964515832
134 212 26.019005162453553
212 134 26.019005162453553
204 26 4.929525728876804
26 204 4.929525728876804
428 417 0.9652284612183948
417 428 0.9652284612183948
46 309 36.8732284258607
309 46 36.8732284258607
3 402 29.13660660223178
402 3 29.13660660223178
211 226 -7.996656806380919
226 211 -7.996656806380919
390 73 -1.3325051221269888
73 390 -1.3325051221269888
455 52 -38.16571585706133
52 455 -38.16571585706133
452 216 -39.744738059531294
216 452 -39.744738059531294
351 422 0.294644385044009
422 351 0.294644385044009
91 167 36.998542168688616
167 91 36.998542168688616
436 282 -27.353197060513356
282 436 -27.353197060513356
88 454 38.93882748719716
454 88 38.93882748719716
441 89 -26.660168797403582
89 441 -26.660168797403582
457 351 24.977383074992048
351 457 24.977383074992048
284 142 -15.137861309803654
142 284 -15.137861309803654
344 171 -41.91162071394308
171 344 -41.91162071394308
86 331 34.361127460769154
331 86 34.361127460769154
66 127 -34.20344337616535
127 66 -34.20344337616535
211 353 -28.072603732039646
353 211 -28.072603732039646
208 228 -40.56586462514555
228 208 -40.56586462514555
58 411 -28.9520306307552
411 58 -28.9520306307552
337 32 -44.818022074627336
32 337 -44.818022074627336
310 121 2.0098462785323647
121 310 2.0098462785323647
445 231 0.39179283989010116
231 445 0.39179283989010116
499 214 28.130674999734822
214 499 28.130674999734822
155 456 34.07920111975655
456 155 34.07920111975655
118 265 -27.724952146679037
265 118 -27.724952146679037
295 248 48.735486552353464
248 295 48.735486552353464
179 310 -45.42203090981046
310 179 -45.42203090981046
296 436 -45.378794443054026
436 296 -45.378794443054026
141 171 -0.5915171167269335
171 141 -0.5915171167269335
120 397 3.9904784587245814
397 120 3.9904784587245814
152 126 -8.578925695256203
126 152 -8.578925695256203
262 24 -18.75227357236746
24 262 -18.75227357236746
165 243 0.029917133410009455
243 165 0.029917133410009455
205 445 -38.85319569821005
445 205 -38.85319569821005
48 464 -41.83726048047971
464 48 -41.83726048047971
339 245 -12.833977952528755
245 339 -12.833977952528755
305 145 -1.0309444381572135
145 305 -1.0309444381572135
285 183 -25.691854468109078
183 285 -25.691854468109078
295 202 27.440399506893712
202 295 27.440399506893712
328 145 25.0040590534949
145 328 25.0040590534949
298 117 36.78685143120299
117 298 36.78685143120299
196 31 18.632224856579356
31 196 18.632224856579356
138 284 -24.55566295734368
284 138 -24.55566295734368
384 44 -20.40963845567503
44 384 -20.40963845567503
424 334 -31.42859165130597
334 424 -31.42859165130597
199 172 46.54598606343937
172 199 46.54598606343937
140 226 31.762150319418126
226 140 31.762150319418126
99 90 -6.407253814368595
90 99 -6.407253814368595
309 131 47.926825095135854
131 309 47.926825095135854
296 469 3.0470567411976504
469 296 3.0470567411976504
252 65 31.695591329069444
65 252 31.695591329069444
217 494 28.73311615774918
494 217 28.73311615774918
351 133 -36.11760729428328
133 351 -36.11760729428328
77 274 -1.9777330287364379
274 77 -1.9777330287364379
441 410 -33.59194922755219
410 441 -33.59194922755219
101 325 2.1384701385025267
325 101 2.1384701385025267
201 23 44.33867241035982
23 201 44.33867241035982
183 140 47.209736416067244
140 183 47.209736416067244
48 282 23.98572720407266
282 48 23.98572720407266
254 194 -12.865184850020754
194 254 -12.865184850020754
33 214 45.06486704739062
214 33 45.06486704739062
53 256 35.1064773129428
256 53 35.1064773129428
261 409 -41.23815919914378
409 261 -41.23815919914378
223 300 36.92300017057816
300 223 36.92300017057816
320 134 22.439294211024105
134 320 22.439294211024105
377 490 4.622072710706718
490 377 4.622072710706718
9 160 40.659702131761335
160 9 40.659702131761335
59 78 44.21899998424101
78 59 44.21899998424101
313 393 12.574862582269418
393 313 12.574862582269418
158 217 5.9392936663971625
217 158 5.9392936663971625
430 270 -17.23370798397157
270 430 -17.23370798397157
22 70 -12.16316584655356
70 22 -12.16316584655356
183 117 -2.528325679149148
117 183 -2.528325679149148
50 104 19.8034479768921
104 50 19.8034479768921
69 174 28.06370953527977
174 69 28.06370953527977
24 312 43.68130656653253
312 24 43.68130656653253
175 13 -31.671334558651665
13 175 -31.671334558651665
145 47 39.40020909501702
47 145 39.40020909501702
80 200 -44.77333003817283
200 80 -44.77333003817283
228 64 -32.94164259027155
64 228 -32.94164259027155
35 464 23.87454685862987
464 35 23.87454685862987
50 199 -28.00441370539447
199 50 -28.00441370539447
60 464 44.98583347011322
464 60 44.98583347011322
259 382 26.763903883082776
382 259 26.763903883082776
258 106 -28.865971106801215
106 258 -28.865971106801215
254 435 17.028004598731016
435 254 17.028004598731016
191 455 40.34295383089696
455 191 40.34295383089696
289 315 -38.917059136519114
315 289 -38.917059136519114
344 56 -35.25717027833636
56 344 -35.25717027833636
489 75 -20.926415321717396
75 489 -20.926415321717396
384 357 30.469285286317927
357 384 30.469285286317927
264 474 49.95298250758472
474 264 49.95298250758472
488 351 30.61554165449435
351 488 30.61554165449435
440 82 -32.8013757657433
82 440 -32.8013757657433
494 57 43.77291731477612
57 494 43.77291731477612
135 212 -21.817083565211604
212 135 -21.817083565211604
179 167 -18.935221021513115
167 179 -18.935221021513115
240 289 37.66460628883148
289 240 37.66460628883148
433 347 15.470940030866913
347 433 15.470940030866913
445 407 -48.209498186286694
407 445 -48.209498186286694
354 48 -21.711482136633343
48 354 -21.711482136633343
281 407 -11.216863050601766
407 281 -11.216863050601766
9 193 -47.355949272011635
193 9 -47.355949272011635
370 249 -15.024825040243513
249 370 -15.024825040243513
428 418 37.56832287253401
418 428 37.56832287253401
64 287 46.61516198457238
287 64 46.61516198457238
254 239 23.75949377361448
239 254 23.75949377361448
229 442 15.116487053542514
442 229 15.116487053542514
335 445 20.366256160638258
445 335 20.366256160638258
327 412 45.8721884799256
412 327 45.8721884799256
38 72 35.504520288368695
72 38 35.504520288368695
254 326 -31.17723468942423
326 254 -31.17723468942423
394 146 -3.6750706650377936
146 394 -3.6750706650377936
233 468 21.306669837188878
468 233 21.306669837188878
157 58 36.136870600923615
58 157 36.136870600923615
23 312 46.60680527268623
312 23 46.60680527268623
460 14 9.295911755242727
14 460 9.295911755242727
1 420 -38.05149264951617
420 1 -38.05149264951617
219 96 34.72364622003764
96 219 34.72364622003764
191 74 32.77199559043085
74 191 32.77199559043085
332 70 12.366427070505829
70 332 12.366427070505829
390 57 6.308592741447349
57 390 6.308592741447349
66 4 -10.9383370015682
4 66 -10.9383370015682
474 106 -12.29096198269879
106 474 -12.29096198269879
15 195 -45.46898435266099
195 15 -45.46898435266099
304 270 -22.976993221082875
270 304 -22.976993221082875
307 376 -19.97022473315193
376 307 -19.97022473315193
149 278 19.04892177441799
278 149 19.04892177441799
486 444 -3.4898608468244205
444 486 -3.4898608468244205
347 95 5.115131247080029
95 347 5.115131247080029
145 211 9.822782432458354
211 145 9.822782432458354
204 293 -49.734363768944824
293 204 -49.734363768944824
328 372 -15.465119904342103
372 328 -15.465119904342103
110 122 9.90509703970941
122 110 9.90509703970941
264 181 46.526882460024936
181 264 46.526882460024936
409 306 -42.31014233593251
306 409 -42.31014233593251
351 92 16.14956990290058
92 351 16.14956990290058
179 67 -42.82125671147418
67 179 -42.82125671147418
283 313 24.3996933421583
313 283 24.3996933421583
429 309 -48.46353697576301
309 429 -48.46353697576301
497 452 -15.800201429052628
452 497 -15.800201429052628
349 4 -1.6927535920771035
4 349 -1.6927535920771035
299 99 30.61203342335827
99 299 30.61203342335827
82 130 -41.87035685132311
130 82 -41.87035685132311
330 446 39.51266134627318
446 330 39.51266134627318
98 275 1.572206876568373
275 98 1.572206876568373
488 488 -18.771561591193688
47 335 18.675347808767995
335 47 18.675347808767995
162 162 -38.02214947245055
353 376 -41.69129526285255
376 353 -41.69129526285255
352 238 -38.865359676560196
238 352 -38.865359676560196
358 344 7.50787469965347
344 358 7.50787469965347
340 419 -1.8858351762434253
419 340 -1.8858351762434253
40 441 19.083063584147723
441 40 19.083063584147723
444 397 -15.101879224498035
397 444 -15.101879224498035
417 360 33.360291379287816
360 417 33.360291379287816
310 232 31.62376634802999
232 310 31.62376634802999
499 212 -1.421508730265245
212 499 -1.421508730265245
447 324 -48.64254298680495
324 447 -48.64254298680495
53 412 -4.544188813274715
412 53 -4.544188813274715
338 319 31.71479635337218
319 338 31.71479635337218
336 449 42.65523297331687
449 336 42.65523297331687
45 175 -1.1663777818918462
175 45 -1.1663777818918462
273 435 -38.37128856176971
435 273 -38.37128856176971
145 406 -37.001755713076655
406 145 -37.001755713076655
384 355 27.170491298487136
355 384 27.170491298487136
286 377 -30.92065112306377
377 286 -30.92065112306377
194 343 0.974387907398409
343 194 0.974387907398409
205 228 18.03871435750787
228 205 18.03871435750787
87 374 10.448908213990634
374 87 10.448908213990634
385 360 -41.08989422691533
360 385 -41.08989422691533
351 158 24.71612026007618
158 351 24.71612026007618
159 32 -32.555617401004255
32 159 -32.555617401004255
382 484 -3.0999487873722416
484 382 -3.0999487873722416
164 382 10.232588188395056
382 164 10.232588188395056
97 488 0.3160628512729673
488 97 0.3160628512729673
194 305 49.54971739928098
305 194 49.54971739928098
267 265 17.14674059938949
265 267 17.14674059938949
301 165 22.618475311718214
165 301 22.618475311718214
54 304 43.192017512259625
304 54 43.192017512259625
484 85 -12.902606424668214
85 484 -12.902606424668214
66 372 -24.335155805821863
372 66 -24.335155805821863
46 269 47.597120567890926
269 46 47.597120567890926
334 412 -21.41876046288954
412 334 -21.41876046288954
471 476 -17.062829127702685
476 471 -17.062829127702685
405 139 -10.931710821730356
139 405 -10.931710821730356
472 26 -31.93676044149084
26 472 -31.93676044149084
476 423 18.422335198444046
423 476 18.422335198444046
440 143 -34.04436514300948
143 440 -34.04436514300948
483 143 13.586982027524265
143 483 13.586982027524265
404 408 26.05882788118869
408 404 26.05882788118869
357 142 -35.60262383490422
142 357 -35.60262383490422
209 256 13.757419891280797
256 209 13.757419891280797
252 389 41.70458884751099
389 252 41.70458884751099
190 394 30.821607625080276
394 190 30.821607625080276
471 425 10.171329057152434
425 471 10.171329057152434
140 309 20.02038173170314
309 140 20.02038173170314
339 204 -25.30756316107512
204 339 -25.30756316107512
31 143 31.857779977162735
143 31 31.857779977162735
348 17 -26.29968786233807
17 348 -26.29968786233807
244 500 12.177433302069609
500 244 12.177433302069609
52 190 -26.401108371985437
190 52 -26.401108371985437
314 106 22.461572534881228
106 314 22.461572534881228
247 125 4.568847131975382
125 247 4.568847131975382
179 365 -23.596467923729037
365 179 -23.596467923729037
454 128 -40.32287392759114
128 454 -40.32287392759114
232 349 35.594231665101574
349 232 35.594231665101574
111 445 -1.891399190672729
445 111 -1.891399190672729
93 396 -45.68060419776572
396 93 -45.68060419776572
291 144 -48.88335297156882
144 291 -48.88335297156882
175 323 -44.90305454381654
323 175 -44.90305454381654
187 122 -16.25353603890388
122 187 -16.25353603890388
78 447 -1.5400109162506581
447 78 -1.5400109162506581
406 291 -33.93609061109808
291 406 -33.93609061109808
113 181 23.353552568132898
181 113 23.353552568132898
66 2 -12.260617174424581
2 66 -12.260617174424581
243 220 -23.294043331176596
220 243 -23.294043331176596
179 219 -25.32189535127365
219 179 -25.32189535127365
120 302 13.187848547944604
302 120 13.187848547944604
218 1 -17.96214220295237
1 218 -17.96214220295237
485 46 -9.660935082364034
46 485 -9.660935082364034
427 471 -38.02001000573693
471 427 -38.02001000573693
264 32 10.26405614096538
32 264 10.26405614096538
132 407 -29.53418297430638
407 132 -29.53418297430638
307 246 2.399975709120298
246 307 2.399975709120298
59 402 -49.92064435078332
402 59 -49.92064435078332
187 20 -43.14414229873535
20 187 -43.14414229873535
265 467 41.9048041301222
467 265 41.9048041301222
88 209 37.070717544265506
209 88 37.070717544265506
159 202 -8.283960419900048
202 159 -8.283960419900048
234 238 35.023459270238135
238 234 35.023459270238135
374 380 20.080415545832793
380 374 20.080415545832793
427 487 49.78520250613528
487 427 49.78520250613528
76 301 18.140258077002528
301 76 18.140258077002528
211 427 16.63032987889818
427 211 16.63032987889818
214 203 -26.891100588419103
203 214 -26.891100588419103
284 276 -33.76387113326348
276 284 -33.76387113326348
247 269 -21.448706076649813
269 247 -21.448706076649813
325 77 38.83142344383562
77 325 38.83142344383562
381 173 -26.076261166706118
173 381 -26.076261166706118
292 22 46.72891801127
22 292 46.72891801127
200 60 -21.409530572819214
60 200 -21.409530572819214
473 50 42.45944231830656
50 473 42.45944231830656
442 370 -43.36877717347445
370 442 -43.36877717347445
368 96 27.186842389641313
96 368 27.186842389641313
300 197 -26.80814981771563
197 300 -26.80814981771563
414 143 37.30572480386587
143 414 37.30572480386587
408 2 39.43418803486884
2 408 39.43418803486884
29 316 26.077235653254164
316 29 26.077235653254164
226 41 2.90224863381232
41 226 2.90224863381232
321 480 -23.463844735529293
480 321 -23.463844735529293
328 92 -6.14720643436236
92 328 -6.14720643436236
296 287 30.68363141680389
287 296 30.68363141680389
110 235 45.08154497744337
235 110 45.08154497744337
372 319 -24.708907999179818
319 372 -24.708907999179818
67 371 6.579955591785534
371 67 6.579955591785534
445 460 -21.107308480330133
460 445 -21.107308480330133
456 206 27.897765177601897
206 456 27.897765177601897
386 395 26.57219225050575
395 386 26.57219225050575
276 171 -18.73390528659824
171 276 -18.73390528659824
466 126 14.82519573995549
126 466 14.82519573995549
158 498 46.890759719109326
498 158 46.890759719109326
437 161 40.22518920333499
161 437 40.22518920333499
269 127 25.918617725317418
127 269 25.918617725317418
244 379 -11.93874915188394
379 244 -11.93874915188394
388 106 -4.051643954684394
106 388 -4.051643954684394
92 285 36.26121987339367
285 92 36.26121987339367
338 235 -6.468887083906651
235 338 -6.468887083906651
459 127 49.401594218517545
127 459 49.401594218517545
201 345 -40.88418913221915
345 201 -40.88418913221915
497 344 -29.831576618804533
344 497 -29.831576618804533
79 455 28.893128555164367
455 79 28.893128555164367
446 47 10.157230607685072
47 446 10.157230607685072
349 89 35.10724074582116
89 349 35.10724074582116
268 425 48.87748410482034
425 268 48.87748410482034
294 195 0.911994030153906
195 294 0.911994030153906
101 57 30.583492019701993
57 101 30.583492019701993
247 477 -30.204387981817604
477 247 -30.204387981817604
406 132 35.9669368349541
132 406 35.9669368349541
448 265 7.2146527918622425
265 448 7.2146527918622425
248 453 22.192208316595995
453 248 22.192208316595995
173 89 -49.16676733077928
89 173 -49.16676733077928
232 480 33.324899725242716
480 232 33.324899725242716
377 338 27.974593430752606
338 377 27.974593430752606
16 288 -45.64123622334818
288 16 -45.64123622334818
181 102 -6.571421386443021
102 181 -6.571421386443021
101 451 -23.837842782442486
451 101 -23.837842782442486
169 467 34.80597316201022
467 169 34.80597316201022
142 236 11.168787274731848
236 142 11.168787274731848
417 212 -43.68560350470063
212 417 -43.68560350470063
118 27 36.91365495906554
27 118 36.91365495906554
489 149 -45.61551880630209
149 489 -45.61551880630209
140 391 -48.79786870244847
391 140 -48.79786870244847
69 366 -20.80125424636775
366 69 -20.80125424636775
193 293 41.6828327479777
293 193 41.6828327479777
302 63 44.09009500190284
63 302 44.09009500190284
110 462 -38.395972929194954
462 110 -38.395972929194954
483 51 16.488254165787325
51 483 16.488254165787325
499 247 15.920666582682301
247 499 15.920666582682301
118 235 35.57362760546086
235 118 35.57362760546086
199 499 -36.36541391960482
499 199 -36.36541391960482
449 67 -16.599760128148922
67 449 -16.599760128148922
392 170 14.488939926365418
170 392 14.488939926365418
175 15 7.9639208932270975
15 175 7.9639208932270975
421 431 41.725992521470275
431 421 41.725992521470275
468 470 26.75149464755725
470 468 26.75149464755725
479 375 46.477732564998604
375 479 46.477732564998604
453 30 -9.817036569304172
30 453 -9.817036569304172
455 109 -35.50604635240177
109 455 -35.50604635240177
190 288 -47.45741431813902
288 190 -47.45741431813902
283 46 28.02379018889748
46 283 28.02379018889748
441 138 12.373449255919347
138 441 12.373449255919347
416 32 -15.947332443118697
32 416 -15.947332443118697
483 471 -7.53739003119297
471 483 -7.53739003119297
150 58 14.100079185207363
58 150 14.100079185207363
496 291 -12.43836343079483
291 496 -12.43836343079483
56 409 -34.69162063476856
409 56 -34.69162063476856
380 130 48.48396671719706
130 380 48.48396671719706
282 410 21.0050742064726
410 282 21.0050742064726
250 404 37.40114147011518
404 250 37.40114147011518
232 101 31.29014660165673
101 232 31.29014660165673
253 154 -1.8887412109719577
154 253 -1.8887412109719577
216 440 -29.28471615868835
440 216 -29.28471615868835
281 363 -16.187632414442966
363 281 -16.187632414442966
400 393 42.392348695327996
393 400 42.392348695327996
260 93 40.09574826690897
93 260 40.09574826690897
189 468 49.78499658107026
468 189 49.78499658107026
464 23 -19.62881656673773
23 464 -19.62881656673773
7 410 10.221874354157848
410 7 10.221874354157848
72 477 41.39280334627358
477 72 41.39280334627358
219 410 27.842283931203056
410 219 27.842283931203056
178 23 48.78515392810496
23 178 48.78515392810496
450 226 27.15951730878838
226 450 27.15951730878838
278 411 4.250626308285888
411 278 4.250626308285888
456 48 -32.175131975055834
48 456 -32.175131975055834
423 458 36.209738511265954
458 423 36.209738511265954
284 90 -15.723376730450923
90 284 -15.723376730450923
212 495 -24.76460134485118
495 212 -24.76460134485118
386 191 47.59371590477734
191 386 47.59371590477734
76 105 -36.17273204594956
105 76 -36.17273204594956
401 426 -44.81492262724864
426 401 -44.81492262724864
105 233 -34.00560118958455
233 105 -34.00560118958455
216 111 5.200334717501164
111 216 5.200334717501164
252 156 42.87448643623743
156 252 42.87448643623743
454 138 -38.67970582652333
138 454 -38.67970582652333
102 124 28.147755168277882
124 102 28.147755168277882
317 109 9.028883613911432
109 317 9.028883613911432
486 363 -5.963878285239041
363 486 -5.963878285239041
79 62 -35.69321893009007
62 79 -35.69321893009007
34 15 -7.299659250505975
15 34 -7.299659250505975
322 427 -40.45280506333022
427 322 -40.45280506333022
69 497 1.939900180077295
497 69 1.939900180077295
162 33 -39.72423231402688
33 162 -39.72423231402688
475 336 -10.156723729597793
336 475 -10.156723729597793
115 383 27.54899798534744
383 115 27.54899798534744
455 136 -8.302764578919827
136 455 -8.302764578919827
385 306 5.224132408088543
306 385 5.224132408088543
93 65 4.800492524246913
65 93 4.800492524246913
296 331 5.256249738480648
331 296 5.256249738480648
337 142 -30.60628590531903
142 337 -30.60628590531903
327 490 -39.78510256002873
490 327 -39.78510256002873
400 344 23.424247011079387
344 400 23.424247011079387
427 440 -34.02931064779733
440 427 -34.02931064779733
412 380 -1.6467455409737966
380 412 -1.6467455409737966
50 483 -46.73022167978728
483 50 -46.73022167978728
189 71 -29.833281765932405
71 189 -29.833281765932405
315 330 3.4841674532006692
330 315 3.4841674532006692
349 173 43.41145809760181
173 349 43.41145809760181
376 163 -22.14447625248226
163 376 -22.14447625248226
274 53 -1.3698538794019868
53 274 -1.3698538794019868
209 134 22.16817373885911
134 209 22.16817373885911
296 217 21.058953240488705
217 296 21.058953240488705
5 395 17.36712091552951
395 5 17.36712091552951
145 376 46.30364736900242
376 145 46.30364736900242
76 54 5.066946175118481
54 76 5.066946175118481
316 244 10.602435283197408
244 316 10.602435283197408
62 444 -15.8588669677589
444 62 -15.8588669677589
16 26 -33.136910640744276
26 16 -33.136910640744276
36 371 -32.95681206298884
371 36 -32.95681206298884
116 277 8.587928043683057
277 116 8.587928043683057
97 3 10.722291200018752
3 97 10.722291200018752
381 99 -36.118903233535264
99 381 -36.118903233535264
366 428 0.23716399569697444
428 366 0.23716399569697444
267 272 -29.156124567119136
272 267 -29.156124567119136
3 145 35.70179315887272
145 3 35.70179315887272
395 327 -42.01742340308188
327 395 -42.01742340308188
260 42 -21.316210411764345
42 260 -21.316210411764345
232 62 9.778146802089204
62 232 9.778146802089204
106 335 -35.02287399870423
335 106 -35.02287399870423
161 312 -2.5760084324520136
312 161 -2.5760084324520136
26 243 9.120931713984689
243 26 9.120931713984689
351 93 -8.631575117581434
93 351 -8.631575117581434
15 382 -44.3936781592679
382 15 -44.3936781592679
232 17 -35.49431734453843
17 232 -35.49431734453843
4 310 -31.426115428688117
310 4 -31.426115428688117
181 80 39.85162302425101
80 181 39.85162302425101
334 334 -0.4283866708779769
219 150 -28.707819696016944
150 219 -28.707819696016944
122 406 26.561939001777176
406 122 26.561939001777176
338 282 -43.21022993159433
282 338 -43.21022993159433
67 232 -19.47985473354826
232 67 -19.47985473354826
367 346 45.85205845858718
346 367 45.85205845858718
11 17 -9.150987841517441
17 11 -9.150987841517441
64 98 -0.34235464412456196
98 64 -0.34235464412456196
496 49 -46.52003578380689
49 496 -46.52003578380689
265 344 44.95837747423337
344 265 44.95837747423337
314 101 2.3673487607296906
101 314 2.3673487607296906
346 480 19.72899578671023
480 346 19.72899578671023
302 253 -18.252859988398885
253 302 -18.252859988398885
447 304 6.794017819390049
304 447 6.794017819390049
188 475 4.682619436827004
475 188 4.682619436827004
419 148 -44.09510188039324
148 419 -44.09510188039324
443 135 12.024035099780626
135 443 12.024035099780626
495 263 36.445235724307324
263 495 36.445235724307324
146 388 15.736029395765556
388 146 15.736029395765556
437 408 45.592113650897815
408 437 45.592113650897815
74 394 9.705646688958694
394 74 9.705646688958694
320 359 21.368692468155984
359 320 21.368692468155984
92 323 -6.378186779767226
323 92 -6.378186779767226
160 145 24.02603597695034
145 160 24.02603597695034
280 330 -23.064107000953882
330 280 -23.064107000953882
165 67 9.51905893543983
67 165 9.51905893543983
38 442 -38.42933829419878
442 38 -38.42933829419878
420 85 15.569932515234271
85 420 15.569932515234271
7 256 -14.04142191344804
256 7 -14.04142191344804
229 100 23.747546228857956
100 229 23.747546228857956
4 93 -25.5945590593733
93 4 -25.5945590593733
416 394 -30.358100154210565
394 416 -30.358100154210565
118 210 8.41433874371917
210 118 8.41433874371917
409 10 -36.82313656666459
10 409 -36.82313656666459
197 239 -32.44151315970802
239 197 -32.44151315970802
223 349 28.098110992320642
349 223 28.098110992320642
389 61 18.327485813804984
61 389 18.327485813804984
473 285 8.250373358747012
285 473 8.250373358747012
156 183 20.47380637442214
183 156 20.47380637442214
41 88 -0.26640800813098053
88 41 -0.26640800813098053
98 345 -11.469746302757365
345 98 -11.469746302757365
174 162 -47.27906485652172
162 174 -47.27906485652172
260 405 4.958608097854857
405 260 4.958608097854857
12 27 16.783238840212206
27 12 16.783238840212206
279 290 28.273798057824948
290 279 28.273798057824948
272 116 -42.397140732040185
116 272 -42.397140732040185
229 88 35.04271404559795
88 229 35.04271404559795
223 25 7.2025049853554535
25 223 7.2025049853554535
439 438 31.61315412215052
438 439 31.61315412215052
316 295 -11.21741314708462
295 316 -11.21741314708462
440 198 -7.60293783691499
198 440 -7.60293783691499
246 106 29.747764548898004
106 246 29.747764548898004
9 286 -34.67752514634426
286 9 -34.67752514634426
9 250 -33.48044681383267
250 9 -33.48044681383267
394 40 34.56521881841459
40 394 34.56521881841459
90 258 -29.850431663275245
258 90 -29.850431663275245
432 149 18.42274520567716
149 432 18.42274520567716
342 387 -5.288937410669718
387 342 -5.288937410669718
388 210 -8.760183656807783
210 388 -8.760183656807783
374 456 33.95683833254117
456 374 33.95683833254117
473 325 -12.239236460830647
325 473 -12.239236460830647
104 181 -13.420525991067969
181 104 -13.420525991067969
375 78 30.17070678003894
78 375 30.17070678003894
273 456 2.2886688286237984
456 273 2.2886688286237984
396 115 -26.959878126821323
115 396 -26.959878126821323
345 205 -1.9920928092464933
205 345 -1.9920928092464933
382 80 -9.840796323058932
80 382 -9.840796323058932
32 260 -25.406805564485037
260 32 -25.406805564485037
466 66 -26.280336347711785
66 466 -26.280336347711785
431 169 3.0590565135159906
169 431 3.0590565135159906
325 404 39.258706078104
404 325 39.258706078104
156 173 45.20780543904388
173 156 45.20780543904388
188 140 -24.19969090916426
140 188 -24.19969090916426
277 398 35.105414474413536
398 277 35.105414474413536
356 354 -3.202768933528155
354 356 -3.202768933528155
177 304 48.719437584450844
304 177 48.719437584450844
111 373 14.624381024935545
373 111 14.624381024935545
453 182 22.61763345948019
182 453 22.61763345948019
340 232 -24.02127616685118
232 340 -24.02127616685118
487 76 -36.31817575321546
76 487 -36.31817575321546
125 256 -45.65964092253684
256 125 -45.65964092253684
240 454 46.07679866504782
454 240 46.07679866504782
222 97 49.47691767221757
97 222 49.47691767221757
288 405 -48.618989781272546
405 288 -48.618989781272546
142 256 -47.023367688934684
256 142 -47.023367688934684
114 35 31.355064845415555
35 114 31.355064845415555
165 366 7.308669346529541
366 165 7.308669346529541
374 308 -49.601781398391395
308 374 -49.601781398391395
265 425 -37.897596915606556
425 265 -37.897596915606556
482 282 4.781563922889845
282 482 4.781563922889845
484 240 38.745188376570866
240 484 38.745188376570866
264 21 -35.2625748401573
21 264 -35.2625748401573
107 155 12.06147354434517
155 107 12.06147354434517
435 146 4.003984154339605
146 435 4.003984154339605
396 64 -11.829836558418705
64 396 -11.829836558418705
475 318 22.887282830592213
318 475 22.887282830592213
5 76 41.967998259951656
76 5 41.967998259951656
45 414 10.869507266679037
414 45 10.869507266679037
5 123 -8.644396089608051
123 5 -8.644396089608051
198 434 -15.143889302431035
434 198 -15.143889302431035
89 478 45.57654620086025
478 89 45.57654620086025
427 194 -42.75121829841372
194 427 -42.75121829841372
436 261 -2.416616035848861
261 436 -2.416616035848861
374 278 42.407305903283955
278 374 42.407305903283955
389 468 35.196766191843395
468 389 35.196766191843395
466 497 36.80989396635043
497 466 36.80989396635043
446 180 -24.510070421448972
180 446 -24.510070421448972
303 120 28.833294740716838
120 303 28.833294740716838
311 458 -5.116904937112132
458 311 -5.116904937112132
237 459 -20.821569835148612
459 237 -20.821569835148612
313 156 -1.4170223482069986
156 313 -1.4170223482069986
364 329 13.043422356505594
329 364 13.043422356505594
354 197 12.159074702875614
197 354 12.159074702875614
33 103 48.96554385696818
103 33 48.96554385696818
56 373 25.54638230938062
373 56 25.54638230938062
41 367 14.369811528156049
367 41 14.369811528156049
414 353 38.67960776004085
353 414 38.67960776004085
338 85 5.569601375871478
85 338 5.569601375871478
486 35 18.615385181722843
35 486 18.615385181722843
433 146 -2.9102387245577006
146 433 -2.9102387245577006
247 493 -3.6455915066549878
493 247 -3.6455915066549878
460 210 19.036649251982354
210 460 19.036649251982354
449 376 20.566917794587056
376 449 20.566917794587056
475 234 -45.67449193222011
234 475 -45.67449193222011
215 139 42.309724782337625
139 215 42.309724782337625
483 436 43.04616084529614
436 483 43.04616084529614
328 147 -26.857645326110845
147 328 -26.857645326110845
245 143 -44.10339785765268
143 245 -44.10339785765268
394 291 34.10197255411977
291 394 34.10197255411977
269 156 1.5546417529571528
156 269 1.5546417529571528
243 1 -20.492989261164198
1 243 -20.492989261164198
261 321 -37.7269027187437
321 261 -37.7269027187437
181 456 29.611577710184704
456 181 29.611577710184704
105 404 -34.101731870791575
404 105 -34.101731870791575
33 337 36.712980647799114
337 33 36.712980647799114
395 218 -5.309517644989306
218 395 -5.309517644989306
144 300 -14.431886342565015
300 144 -14.431886342565015
289 367 -11.79160417129895
367 289 -11.79160417129895
446 183 32.11405073507083
183 446 32.11405073507083
493 406 41.60244814942037
406 493 41.60244814942037
24 286 -6.828973469252318
286 24 -6.828973469252318
164 454 -15.8397687861343
454 164 -15.8397687861343
37 402 4.52200870332414
402 37 4.52200870332414
174 441 19.04431565897228
441 174 19.04431565897228
221 50 -20.95796354252718
50 221 -20.95796354252718
285 94 42.17396880070335
94 285 42.17396880070335
327 441 41.845130735161504
441 327 41.845130735161504
36 27 -3.8664534353505005
27 36 -3.8664534353505005
98 295 -29.22204775389874
295 98 -29.22204775389874
136 274 1.7526224536377768
274 136 1.7526224536377768
274 259 -31.80488739686458
259 274 -31.80488739686458
462 189 -37.57780879943182
189 462 -37.57780879943182
202 335 -33.75510411788261
335 202 -33.75510411788261
274 479 -48.803677465919435
479 274 -48.803677465919435
195 307 32.10686767585338
307 195 32.10686767585338
495 484 15.12610024286775
484 495 15.12610024286775
371 42 -47.24292939231031
42 371 -47.24292939231031
430 370 -35.82590971788538
370 430 -35.82590971788538
54 347 13.026643920218973
347 54 13.026643920218973
424 17 33.53206843252967
17 424 33.53206843252967
142 13 -2.711931953211902
13 142 -2.711931953211902
102 297 32.79458325483037
297 102 32.79458325483037
279 341 -9.872259608329045
341 279 -9.872259608329045
146 201 36.25829494997802
201 146 36.25829494997802
77 24 46.852971467471875
24 77 46.852971467471875
400 235 -6.0450427289264965
235 400 -6.0450427289264965
29 52 -2.158664496886196
52 29 -2.158664496886196
228 334 5.558715468888224
334 228 5.558715468888224
338 196 24.090014304288047
196 338 24.090014304288047
203 341 -29.22307519435482
341 203 -29.22307519435482
467 56 -28.47106491250563
56 467 -28.47106491250563
69 461 48.23661213682577
461 69 48.23661213682577
224 119 16.542680567100703
119 224 16.542680567100703
74 123 -23.177008245608878
123 74 -23.177008245608878
129 172 0.1643394937994671
172 129 0.1643394937994671
420 276 -23.036724606731152
276 420 -23.036724606731152
124 366 -25.79355271707303
366 124 -25.79355271707303
453 249 -15.341025708584041
249 453 -15.341025708584041
26 465 26.43199871847814
465 26 26.43199871847814
475 24 43.41912432873366
24 475 43.41912432873366
101 3 -32.827508491088224
3 101 -32.827508491088224
312 256 7.055510678237795
256 312 7.055510678237795
237 236 15.16030480247204
236 237 15.16030480247204
444 15 -34.75996925484238
15 444 -34.75996925484238
325 60 -47.86753601979954
60 325 -47.86753601979954
23 401 18.60106317378822
401 23 18.60106317378822
201 59 23.3218603884537
59 201 23.3218603884537
350 33 28.057896046215845
33 350 28.057896046215845
183 451 0.20204653830769814
451 183 0.20204653830769814
124 284 40.69755831652711
284 124 40.69755831652711
252 233 32.13435278334373
233 252 32.13435278334373
462 38 4.958279664231348
38 462 4.958279664231348
156 323 -7.983316142633079
323 156 -7.983316142633079
272 473 -46.44940608928356
473 272 -46.44940608928356
342 170 12.787323593487713
170 342 12.787323593487713
14 496 14.453699383696232
496 14 14.453699383696232
453 433 -40.462658820178916
433 453 -40.462658820178916
474 165 44.6132157697902
165 474 44.6132157697902
67 75 -38.336803630545916
75 67 -38.336803630545916
401 271 -14.93652351868895
271 401 -14.93652351868895
87 330 4.153267920936742
330 87 4.153267920936742
488 165 45.732599708233764
165 488 45.732599708233764
323 103 -5.098283802689487
103 323 -5.098283802689487
454 95 42.834033181612185
95 454 42.834033181612185
292 233 5.641855318859342
233 292 5.641855318859342
130 242 2.253521298234503
242 130 2.253521298234503
76 345 21.162950932991535
345 76 21.162950932991535
256 208 11.72921964987438
208 256 11.72921964987438
96 350 31.873126113434097
350 96 31.873126113434097
101 8 -42.21461066076877
8 101 -42.21461066076877
389 258 5.628461276337212
258 389 5.628461276337212
160 25 -19.955515363652122
25 160 -19.955515363652122
39 53 -26.369847664048407
53 39 -26.369847664048407
129 12 49.961699638743255
12 129 49.961699638743255
365 381 49.91498872840518
381 365 49.91498872840518
408 398 47.81488122151519
398 408 47.81488122151519
87 412 -15.967021675307414
412 87 -15.967021675307414
15 94 -28.41724275611788
94 15 -28.41724275611788
105 484 28.938514749513843
484 105 28.938514749513843
111 468 19.88138309160894
468 111 19.88138309160894
280 152 41.768606728449654
152 280 41.768606728449654
280 265 -31.478585036702377
265 280 -31.478585036702377
151 336 -6.355759748648538
336 151 -6.355759748648538
468 264 -18.949629554142856
264 468 -18.949629554142856
348 487 38.28605729849248
487 348 38.28605729849248
24 35 42.490018121610305
35 24 42.490018121610305
481 331 13.640299408607248
331 481 13.640299408607248
194 352 29.251643444754322
352 194 29.251643444754322
327 300 -36.74969332999147
300 327 -36.74969332999147
291 191 31.627285499687574
191 291 31.627285499687574
67 91 37.42148364131879
91 67 37.42148364131879
66 389 14.69391223315938
389 66 14.69391223315938
290 280 -12.518910881081446
280 290 -12.518910881081446
194 349 -7.050103142495836
349 194 -7.050103142495836
471 408 47.797062395899346
408 471 47.797062395899346
453 294 -14.287070936806657
294 453 -14.287070936806657
222 1 -9.462871618521604
1 222 -9.462871618521604
229 44 49.27610349785196
44 229 49.27610349785196
238 152 38.89673122412469
152 238 38.89673122412469
307 275 42.090281180279504
275 307 42.090281180279504
217 424 -2.469338753740125
424 217 -2.469338753740125
32 176 -44.10771451223058
176 32 -44.10771451223058
376 402 14.539846766432845
402 376 14.539846766432845
107 327 -12.4592089857084
327 107 -12.4592089857084
86 317 1.88372031487458
317 86 1.88372031487458
253 252 -38.707708642981544
252 253 -38.707708642981544
368 223 -41.586887106830986
223 368 -41.586887106830986
402 167 -23.032391939321826
167 402 -23.032391939321826
55 7 5.025273292147034
7 55 5.025273292147034
129 218 32.24744621924219
218 129 32.24744621924219
184 378 19.41331539576619
378 184 19.41331539576619
262 310 -42.3694555505777
310 262 -42.3694555505777
346 191 -40.88442248837567
191 346 -40.88442248837567
248 140 -20.610147148933812
140 248 -20.610147148933812
407 376 29.775574949049684
376 407 29.775574949049684
163 286 -32.57366670030578
286 163 -32.57366670030578
438 327 33.41956565970463
327 438 33.41956565970463
194 374 43.69667296859849
374 194 43.69667296859849
84 127 -12.040172029395244
127 84 -12.040172029395244
326 10 -24.80267207943473
10 326 -24.80267207943473
409 389 -4.852744328781874
389 409 -4.852744328781874
207 494 -28.271466494798325
494 207 -28.271466494798325
140 31 -46.65276366917457
31 140 -46.65276366917457
292 344 20.526892593184414
344 292 20.526892593184414
3 44 -6.78215998454769
44 3 -6.78215998454769
246 476 44.68981805106688
476 246 44.68981805106688
461 209 40.357376470521416
209 461 40.357376470521416
115 21 -34.292305601831586
21 115 -34.292305601831586
228 22 -36.47143214644464
22 228 -36.47143214644464
115 152 -31.12465453536525
152 115 -31.12465453536525
64 239 17.782526637869864
239 64 17.782526637869864
267 417 -34.527723397094675
417 267 -34.527723397094675
270 380 -2.2131613577012246
380 270 -2.2131613577012246
457 467 -28.778082742723697
467 457 -28.778082742723697
129 438 4.197218921633386
438 129 4.197218921633386
64 433 -5.2295803383726
433 64 -5.2295803383726
234 99 -29.010428837178313
99 234 -29.010428837178313
393 220 -15.542590817051028
220 393 -15.542590817051028
157 247 23.29127972434435
247 157 23.29127972434435
316 297 -19.186210023262728
297 316 -19.186210023262728
17 263 20.55525845922311
263 17 20.55525845922311
275 57 -26.15071082486522
57 275 -26.15071082486522
56 95 -0.336213636539199
95 56 -0.336213636539199
90 156 37.403062844799834
156 90 37.403062844799834
223 380 16.96106532751513
380 223 16.96106532751513
38 342 -3.587716692204637
342 38 -3.587716692204637
348 92 -41.36390396262942
92 348 -41.36390396262942
261 477 6.657840643860737
477 261 6.657840643860737
441 261 23.184651064146763
261 441 23.184651064146763
386 165 13.517654129073186
165 386 13.517654129073186
386 173 -39.93132397994951
173 386 -39.93132397994951
348 267 4.246756725265534
267 348 4.246756725265534
395 262 -13.660527067742692
262 395 -13.660527067742692
219 453 15.419216373528684
453 219 15.419216373528684
205 418 -22.43529159083526
418 205 -22.43529159083526
314 414 1.1326373442726165
414 314 1.1326373442726165
437 273 -41.335182070488784
273 437 -41.335182070488784
48 99 48.29934402399945
99 48 48.29934402399945
94 111 -21.753508171421863
111 94 -21.753508171421863
319 247 49.501322494862265
247 319 49.501322494862265
110 276 32.398564960928184
276 110 32.398564960928184
354 229 11.506693329262518
229 354 11.506693329262518
225 371 28.547806532247833
